0702
0703
0704
0705
0706
0707
0708
0793
0794
0795
0796
0799
0772
0773
0774
0775
0777
0778
0779
0834
0836
0843
0852
0854
0762
0763
0764
0765
0766
0767
0768
0769
0335
0336
0339
0342
0343
0345
0348
0349
0352
0355
0357
0358
0362
0363
0364
0365
0366
0367
0368
0369
0373
0375
0376
0377
0384
0385
0386
0388
0392
0393
0394
0397
0399
0511
0868
0901
0902
0903
0904
0905
0906
0907
0909
0911
0912
0913
0914
0915
0916
0917
0918
0919
0925
0926
0931
0932
0933
0934
0935
0936
0937
0938
0939
0942
0943
0944
0945
0946
0947
0958
0961
0963
0964
0965
0966
0967
0968
0969
0971
0972
0973
0974
0975
0976
0977
0978
0979
0981
0982
0983
0984
0985
0986
0987
0988
0989
0338
0326
0383
0838
0787
0908
0862
0819
0378
0829
0814
0587
0837
0329
0826
0354
0817
0792
0962
0328
0869
0332
0586
0356
0898
0389
0816
0888