0702300580
0702340960
0702395427
0702591324
0702604561
0702705347
0702731309
0702767616
0703078984
0703940601
0704025329
0704037081
0705355842
0705991981
0706153928
0706232954
0706653461
0707345016
0708116525
0708173670
0708185189
0793228098
0793382312
0793535728
0793575754
0793599050
0794207450
0794577370
0794611717
0794691359
0795571918
0795572280
0795957909
0795958528
0796736952
0796776534
0796783465
0799217673
0799329169
0799354511
0799452752
0772402402
0772423294
0772435396
0772493337
0772544652
0772556623
0772575031
0773043546
0773243521
0773496550
0773562529
0773608397
0774035412
0774518460
0775405444
0775421289
0775456146
0775497678
0775946980
0777413402
0777493282
0777518141
0777521163
0778400235
0778519685
0778726261
0778776229
0779455155
0779501401
0834330660
0836320066
0836665531
0843476121
0852808698
0854373737
0854512255
0762580521
0762628296
0762688265
0762751263
0762768055
0762774643
0763008360
0763162649
0763549639
0763631199
0763636274
0763667048
0764486213
0765273678
0766057910
0766514398
0766556139
0766557505
0766645931
0766681779
0766693567
0767811069
0768330351
0769477967
0769671476
0335800785
0335940544
0336888517
0336975944
0339278252
0339375464
0342112406
0343727508
0345001333
0348640029
0349117773
0349446557
0352988606
0355224467
0355298757
0355461412
0355461548
0357818885
0357853938
0358197485
0362060599
0362707500
0362984700
0363236705
0363371407
0364405526
0364795832
0364795920
0365707900
0366730250
0366887828
0367244945
0367332934
0367988054
0368077804
0368439432
0368578470
0369663159
0373701565
0375262227
0375308979
0376733571
0377407067
0377662343
0377737777
0377881435
0384282203
0384611621
0385830995
0386072036
0386444926
0388077738
0388341686
0388483902
0388787207
0392243232
0392697385
0392919069
0392967580
0393011989
0393366589
0394258629
0397084769
0397688114
0399122174
0511697311
0511846939
0773562529
0777488505
0868844357
0901122071
0901443514
0901789724
0901900909
0901953576
0901957701
0901969957
0902481789
0902629622
0902756779
0902884582
0902953029
0903502136
0903502768
0903503375
0903507219
0903515414
0903524389
0903525026
0903527458
0903532155
0903542247
0903542477
0903542960
0903545222
0903545354
0903551080
0903573115
0903576514
0903577589
0903580602
0903581813
0903583906
0903584500
0903586298
0903586829
0903587445
0903588588
0903590596
0903590949
0903664991
0903705106
0903737272
0903745288
0903990247
0904105822
0904118746
0904262836
0904710987
0904774144
0904912398
0905002964
0905015560
0905019436
0905020559
0905020747
0905022070
0905022448
0905026815
0905027584
0905027763
0905031047
0905036836
0905037547
0905037959
0905039299
0905046049
0905046846
0905048782
0905051260
0905053937
0905055296
0905056033
0905057252
0905058125
0905060191
0905060664
0905066535
0905069832
0905070118
0905070489
0905071534
0905077018
0905078212
0905087853
0905090635
0905095188
0905095666
0905095925
0905097927
0905098828
0905100578
0905102562
0905108268
0905109238
0905109248
0905111797
0905112043
0905112179
0905117267
0905117819
0905118024
0905119201
0905121403
0905123237
0905123337
0905126234
0905129693
0905130450
0905132464
0905132547
0905132590
0905134161
0905135918
0905138279
0905141343
0905150156
0905153207
0905155375
0905159485
0905160468
0905164960
0905167389
0905170026
0905172418
0905176008
0905181383
0905187035
0905190288
0905192598
0905192842
0905195252
0905196767
0905199993
0905203398
0905203672
0905205995
0905207007
0905212733
0905220118
0905220155
0905222892
0905223224
0905223261
0905223479
0905226577
0905227015
0905232247
0905232370
0905235156
0905235245
0905236103
0905237076
0905244062
0905247260
0905249878
0905255881
0905256896
0905259661
0905260410
0905267414
0905267799
0905268377
0905268547
0905274092
0905275895
0905276702
0905279217
0905284555
0905293053
0905293169
0905294141
0905294860
0905297291
0905303930
0905304988
0905308968
0905309333
0905311152
0905311200
0905312885
0905315439
0905315965
0905320287
0905320855
0905321731
0905324219
0905326931
0905328325
0905333776
0905334223
0905334421
0905334457
0905334949
0905335938
0905338982
0905339961
0905345041
0905350045
0905368858
0905373907
0905378050
0905385225
0905388878
0905392071
0905403123
0905404904
0905417462
0905422429
0905426461
0905427744
0905432203
0905433044
0905437703
0905438317
0905439476
0905441829
0905444069
0905444514
0905444675
0905447899
0905448966
0905451789
0905454057
0905454407
0905454481
0905455228
0905456913
0905457028
0905466327
0905474945
0905478830
0905479911
0905491663
0905494023
0905495955
0905498754
0905501081
0905501450
0905502471
0905510855
0905511630
0905512181
0905515717
0905517919
0905518077
0905521929
0905535329
0905536224
0905538909
0905539589
0905542478
0905548284
0905552867
0905553428
0905554822
0905560311
0905560582
0905561905
0905566514
0905570992
0905573881
0905579627
0905583516
0905590766
0905592988
0905594909
0905595786
0905601444
0905611769
0905619057
0905621946
0905623109
0905628703
0905629177
0905636187
0905649985
0905655645
0905656586
0905660307
0905661157
0905662580
0905668698
0905668804
0905670469
0905670737
0905676007
0905676869
0905678232
0905678368
0905679512
0905686147
0905688587
0905688747
0905700310
0905700851
0905701750
0905702228
0905712969
0905716873
0905726208
0905726727
0905729008
0905731029
0905735006
0905747852
0905749241
0905752656
0905756678
0905758768
0905761726
0905763369
0905764745
0905765525
0905771768
0905772275
0905772689
0905790253
0905791984
0905817017
0905821595
0905822676
0905831517
0905833966
0905836837
0905845546
0905853226
0905857870
0905859797
0905862085
0905864867
0905877441
0905881202
0905882956
0905884936
0905887482
0905892275
0905896717
0905901809
0905901889
0905904523
0905905884
0905911594
0905917585
0905919186
0905919900
0905919969
0905920368
0905921924
0905923379
0905925234
0905926946
0905928056
0905933704
0905941784
0905948880
0905952954
0905954301
0905962646
0905970551
0905988345
0905988371
0905989880
0905990048
0905991232
0905994134
0905999379
0906149025
0906277243
0906305899
0906400594
0906401941
0906405007
0906419222
0906425557
0906433571
0906437688
0906447300
0906447844
0906450348
0906452540
0906453669
0906454542
0906455102
0906474160
0906486091
0906492830
0906495135
0906516429
0906520807
0906553145
0906553519
0906565484
0906570848
0906577599
0906595634
0906732586
0907205403
0907398315
0907673518
0907828178
0907914310
0907927710
0907975758
0909097987
0909355136
0909415166
0909484677
0911246799
0911376377
0912299277
0912301184
0912346769
0912429935
0912682524
0912800083
0912869645
0912965628
0913353835
0913401865
0913404455
0913407797
0913415873
0913429068
0913430432
0913443785
0913452759
0913457120
0913469882
0913473360
0913481065
0913486724
0913488627
0913490044
0913492927
0913497737
0913927770
0913959015
0914000414
0914000891
0914010007
0914014623
0914020334
0914020344
0914021143
0914040077
0914048578
0914057248
0914061151
0914082699
0914085117
0914099882
0914115250
0914121565
0914134343
0914153222
0914181615
0914221484
0914272676
0914288395
0914312252
0914400546
0914487272
0914533507
0914567468
0914747292
0914923158
0915038186
0915233405
0915300286
0915545977
0915698717
0916023004
0916113468
0916455656
0917071707
0917170395
0917499709
0917551118
0917876135
0917966735
0918282004
0918335058
0918349549
0918927115
0919074446
0919078939
0919500638
0919719584
0919798822
0919809479
0925775558
0926217948
0931122333
0932090663
0932439075
0932441445
0932453056
0932457061
0932457362
0932467702
0932490466
0932537597
0932550340
0932558829
0932559012
0932567055
0932623835
0932721525
0932729506
0932749450
0932760341
0933068130
0933126429
0934018847
0934359927
0934755074
0934770991
0934772819
0934774629
0934774881
0934785168
0934785728
0934808672
0934833711
0934862155
0934868691
0934888619
0934946278
0934954550
0934969735
0934993889
0935001981
0935015150
0935015830
0935020309
0935047229
0935109762
0935110589
0935111031
0935132832
0935147410
0935171419
0935174446
0935203233
0935219448
0935225443
0935229506
0935231545
0935231823
0935234165
0935248555
0935270048
0935282160
0935282355
0935299669
0935300043
0935300416
0935300483
0935304667
0935306094
0935307377
0935317333
0935319605
0935333004
0935333144
0935345488
0935349014
0935351872
0935368281
0935386809
0935388667
0935388808
0935389636
0935390252
0935393683
0935408319
0935411032
0935418899
0935435022
0935435689
0935439038
0935445588
0935457510
0935486406
0935495624
0935495820
0935535858
0935564243
0935587732
0935590736
0935605387
0935612842
0935617747
0935617855
0935625043
0935625629
0935646272
0935657852
0935661119
0935676629
0935699152
0935711265
0935720453
0935722752
0935737281
0935744824
0935757869
0935761136
0935773028
0935777054
0935779505
0935785388
0935785496
0935787895
0935790920
0935802559
0935809298
0935811482
0935815131
0935820445
0935834295
0935835775
0935865372
0935867876
0935886342
0935886345
0935893054
0935897627
0935904202
0935939893
0935956417
0935962147
0935999517
0936036204
0936386076
0936415025
0936436015
0936510057
0937051787
0937649745
0937726718
0937813373
0938146102
0938279268
0938646403
0939367533
0942011232
0942409373
0942589763
0943693444
0944359127
0944711369
0945317766
0945988948
0946384336
0946925534
0947008999
0958557737
0961733933
0963128094
0963300661
0963330768
0963681268
0963774110
0963925534
0964224545
0965002255
0965371769
0966016068
0966186268
0966403497
0966421777
0967005779
0967478928
0968298116
0968632081
0969021010
0969575769
0969619401
0971750727
0972026929
0972056915
0972273153
0972463109
0972950099
0972961967
0973058357
0973357821
0973612456
0973797953
0973798485
0973821457
0973885648
0973982448
0974066360
0974514536
0974707458
0974720878
0974892064
0975373690
0975591336
0975686167
0975823524
0975981164
0976235432
0976301060
0976449072
0976611613
0976730909
0977229622
0977320712
0977384387
0977427689
0977477978
0977664669
0977829896
0978018312
0978169113
0978640460
0978723271
0978981324
0979002581
0979290777
0979326555
0979413445
0979466097
0979486953
0979635069
0979722539
0979737544
0979795579
0979939229
0979999679
0981034344
0981085286
0981327939
0981843843
0982000726
0982014095
0982043379
0982117317
0982122059
0982202825
0982212921
0982352359
0982355089
0982378050
0982417777
0982449363
0982488070
0982514131
0982555770
0982571990
0982686579
0982692278
0982784135
0982893100
0982946359
0982999919
0983015502
0983030482
0983070227
0983141011
0983141775
0983161113
0983193310
0983242141
0983292529
0983407949
0983420620
0983581009
0983684028
0983686420
0983738272
0983900135
0983924763
0984033633
0984050229
0984562354
0984817580
0984868818
0984928424
0984979688
0985009630
0985026127
0985044088
0985060707
0985083222
0985321533
0985411635
0985531822
0985554176
0985601156
0985743774
0986151784
0986497619
0986517186
0986697474
0986866699
0987097407
0987243379
0987371844
0987778599
0987816677
0987860790
0987897798
0988024102
0988118025
0988144642
0988200686
0988208608
0988306048
0988370883
0988372784
0988444242
0988691899
0988851357
0988874037
0989174175
0989244979
0989246401
0989280389
0989284278
0989288292
0989679734
0989879027
0989900114
0989918195
0989954002
0916388080
0974365914
0976047806
0338460544
0326735612
0933041224
0764680309
0938377943
0909684637
0706783735
0383035274
0984884561
0906918073
0838001796
0787319907
0362848168
0985505706
0905197750
0938918017
0971417767
0909381403
0903600894
0908160386
0979098512
0988060697
0862036017
0819000989
0767907684
0838405444
0918445541
0938031855
0378929211
0368501990
0909230189
0916900721
0769814260
0393248887
0829392302
0814201665
0989470395
0587806078
0909252026
0837736267
0902507465
0945099072
0907910972
0329357975
0826171196
0764215408
0909974274
0935946481
0907225550
0354026893
0817020725
0792020099
0349692867
0774687168
0768793383
0377303998
0971484530
0975817700
0943011286
0988450534
0919884208
0961424142
0962982573
0837738693
0989351828
0918960919
0945835894
0328201645
0349305375
0869628400
0979662717
0935144420
0908212193
0703606823
0983900970
0975538987
0796444117
0778878172
0933848174
0917557457
0796911339
0335286957
0332458816
0962584458
0357905994
0919758006
0357929420
0939707729
0386539429
0586074385
0356500786
0932114531
0935905282
0338339593
0898517132
0378260897
0985940596
0389643578
0355751191
0816538938
0906413881
0965688002
0912110496
0938743404
0389117513
0938887605
0971462577
0706433712
0913821220
0968035104
0338218374
0988397179
0971335725
0903543205
0904758392
0908482436
0357791333
0703308434
0869920168
0369143286
0363219942
0942009519
0888787015
0908661633
0919700112
0365336556
0943895132